amazon|amazon_link|hulu|hulu_link|imdbid|netflix|netflix_link
0||0||0170016|0|
0||0||0162222|0|
0||0||0172495|0|
0||0||0207201|0|
0||0||0212338|0|
0||0||0120903|0|
0||0||0161081|0|
0||0||0130623|0|
0||0||0190332|0|
1|https://www.amazon.com/Alfie-Michael-Caine/dp/B001KVD8IY|0||0195685|0|
0||0||0160127|0|
0||0||0181865|0|
0||0||0144528|0|
0||0||0208003|0|
0||0||0210945|0|
0||0||0187393|0|
0||0||0120630|0|
0||0||0212346|0|
0||0||0187078|0|
0||0||0217869|0|
0||0||0183505|0|
0||0||0120917|0|
0||0||0213203|0|
0||0||0241303|0|
0||0||0162650|0|
0||0||0204946|0|
0||0||0211181|0|
0||0||0160797|0|
0||0||0209958|0|
0||0||0190138|0|
0||0||0184894|0|
0||0||0165929|0|
0||0||0195714|0|
0||0||0181536|0|
0||0||0138749|1|https://www.netflix.com/title/60000171
0||0||0242423|0|
0||0||0220099|0|
0||0||0190590|1|https://www.netflix.com/title/60002991
0||0||0186151|0|
0||0||0134847|0|
0||0||0236388|0|
0||0||0230030|0|
0||0||0171433|0|
0||0||0186894|0|
0||0||0158622|0|
0||0||0216216|0|
0||0||0156812|0|
0||0||0223897|0|
0||0||0122459|0|
0||0||0228750|0|
0||0||0181875|0|
0||0||0146984|0|
0||0||0208092|0|
0||0||0199725|0|
0||0||0146882|0|
0||0||0131704|0|
0||0||0171580|0|
0||0||0249462|0|
0||0||0185014|0|
0||0||0218839|0|
0||0||0241527|0|
0||0||0120737|0|
0||0||0126029|0|
1|https://www.amazon.com/Monsters-Inc-John-Goodman/dp/B0049J2BSM|0||0198781|0|
0||0||0266915|0|
0||0||0209163|0|
0||0||0213149|0|
1|https://www.amazon.com/Oceans-Eleven-George-Clooney/dp/B001XVM09Y|0||0240772|0|
0||0||0163025|0|
0||0||0133152|0|
1|https://www.amazon.com/Beautiful-Mind-Russell-Crowe/dp/B00ENYKLIK|0||0268978|0|
0||0||0212985|0|
0||0||0252866|0|
0||0||0232500|0|
0||0||0146316|0|
0||0||0240462|0|
0||0||0227538|0|
0||0||0265086|0|
0||0||0247638|0|
0||0||0259711|0|
0||0||0230600|0|
0||0||0265029|0|
0||0||0239395|0|
0||0||0230011|0|
0||0||0268397|0|
0||0||0212720|0|
0||0||0139654|0|
0||0||0164334|0|
0||0||0243155|0|
0||0||0227445|0|
0||0||0256380|0|
0||0||0244244|0|
0||0||0236493|0|
0||1|http://www.hulu.com/watch/29271|0266987|0|
0||0||0159273|0|
0||0||0203009|0|
0||0||0250687|0|
0||0||0183790|0|
0||0||0265666|0|
0||0||0242445|0|
0||0||0215750|0|
0||0||0272152|0|
0||0||0035423|0|
0||0||0249478|0|
0||0||0280707|0|
0||0||0125022|0|
0||0||0251075|0|
0||0||0277371|0|
0||0||0263488|0|
0||0||0271027|0|
0||0||0265632|0|
0||0||0247425|0|
0||0||0211915|1|https://www.netflix.com/title/60022048
0||0||0173840|0|
0||0||0120681|0|
0||0||0285742|0|
0||0||0200027|0|
0||0||0261392|0|
0||0||0255819|0|
0||0||0268995|0|
0||0||0244970|0|
0||0||0238112|0|
0||0||0252501|0|
0||0||0250310|0|
0||0||0252503|0|
0||0||0269341|0|
0||0||0206314|0|
0||0||0167261|0|
0||0||0121765|0|
0||0||0295297|0|
0||0||0259446|0|
0||0||0286106|0|
0||0||0295178|0|
0||0||0120912|0|
0||0||0268380|0|
0||0||0299658|0|
0||0||0264464|0|
0||0||0246460|0|
0||0||0267913|0|
0||0||0275847|0|
0||0||0295701|0|
0||0||0304669|0|
1|https://www.amazon.com/Minority-Report-Tom-Cruise/dp/B00A2FSXHK|0||0181689|0|
0||0||0298130|0|
0||0||0256415|0|
0||0||0258463|0|
0||0||0164184|0|
0||0||0298203|0|
0||0||0257044|0|
0||0||0258000|0|
0||0||0252076|0|
0||0||0313737|0|
0||0||0290296|0|
0||0||0289765|0|
0||0||0277296|0|
0||0||0287717|1|https://www.netflix.com/title/60023618
0||0||0187738|1|https://www.netflix.com/title/60022707
0||0||0277434|0|
0||0||0217505|0|
0||0||0303714|0|
0||0||0265662|0|
0||0||0166813|0|
0||0||0279778|0|
1|https://www.amazon.com/Insomnia-Sleep-aid-Nature-Sounds/dp/B01LZHCDJU|0||0278504|0|
0||0||0264472|0|
0||0||0257360|0|
0||0||0243585|0|
0||0||0322802|0|
0||0||0303933|0|
0||0||0245844|0|
0||0||0250797|0|
0||0||0308506|0|
0||0||0290095|0|
0||0||0280030|0|
0||0||0265298|0|
0||0||0253754|1|https://www.netflix.com/title/60024938
0||0||0274558|0|
0||0||0276751|0|
0||0||0273923|0|
0||0||0245562|0|
0||0||0120804|0|
0||0||0282120|0|
0||0||0233469|0|
0||0||0279493|0|
0||0||0133240|0|
0||0||0284490|0|
0||0||0243736|1|https://www.netflix.com/title/60022693
0||0||0157472|0|
1||0||0265349|0|
1||0||0267626|0|
0||0||0253474|0|
0||0||0289848|0|
0||0||0259288|0|
1||0||0280460|0|
0||0||0283026|0|
0||0||0305396|0|
0||0||0297037|0|
0||0||0309377|0|
0||0||0278295|0|
0||0||0120679|1|https://www.netflix.com/title/60024997
0||0||0298388|0|
1||0||0293662|0|
1||0||0253867|0|
0||0||0167260|0|
0||0||0266543|0|
0||0||0325980|0|
0||0||0234215|0|
0||0||0315327|0|
0||0||0290334|0|
0||0||0319343|0|
0||0||0181852|0|
0||0||0242653|0|
0||0||0349205|0|
0||0||0305224|1|https://www.netflix.com/title/60027583
0||0||0305669|0|
0||0||0286716|0|
0||0||0337741|0|
0||0||0338459|0|
0||0||0325710|0|
0||1||0322330|0|
0||0||0306047|1|https://www.netflix.com/title/60031248
0||0||0317740|1|https://www.netflix.com/title/60027706
0||0||0251127|1|https://www.netflix.com/title/60026122
1||0||0328828|0|
0||0||0317303|1|https://www.netflix.com/title/60027689
0||0||0287978|0|
0||1||0305357|0|
0||0||0159365|0|
0||0||0311113|0|
0||0||0327056|0|
0||0||0328880|1|https://www.netflix.com/title/60031254
0||0||0329101|0|
0||0||0332379|0|
0||0||0324216|0|
0||0||0302886|0|
1|https://www.amazon.com/Kill-Bill-1-Uma-Thurman/dp/B006RXSGLE|0||0266697|0|
0||0||0311289|0|
0||0||0319061|0|
0||0||0304415|1|https://www.netflix.com/title/60031284
0||0||0300471|0|
0||0||0314331|1|https://www.netflix.com/title/60031262
0||0||0348836|0|
0||0||0316356|0|
0||0||0285823|0|
0||0||0338337|0|
0||0||0292506|1|https://www.netflix.com/title/60026117
0||0||0316465|0|
0||0||0309698|0|
0||0||0320691|1|https://www.netflix.com/title/60031210
0||0||0313542|0|
0||0||0316396|0|
0||0||0313911|0|
0||0||0327850|0|
0||0||0309593|0|
0||0||0335266|0|
0||0||0328589|1|https://www.netflix.com/title/60031217
0||0||0327137|0|
0||0||0337711|0|
1||0||0325805|0|
0||0||0301470|0|
0||0||0138524|0|
0||0||0306685|0|
1||1||0340855|0|
0||0||0328099|0|
0||0||0285531|0|
0||0||0298814|0|
0||0||0337909|0|
0||0||0191133|0|
0||0||0338188|1|https://www.netflix.com/title/60031276
0||0||0264395|0|
0||0||0165982|0|
0||0||0298148|0|
1||0||0316654|0|
0||0||0335345|0|
0||0||0290002|0|
0||0||0304141|0|
0||0||0319262|0|
0||0||0372183|0|
0||0||0368891|0|
0||0||0338348|0|
0||0||0332452|0|
0||0||0349903|0|
0||0||0343660|0|
0||0||0361596|0|
0||0||0339291|0|
0||0||0364725|0|
1||0||0391198|0|
0||0||0338751|0|
0||0||0369339|0|
0||0||0405159|0|
0||0||0368933|0|
0||0||0335438|0|
0||0||0377092|1|https://www.netflix.com/title/60034551
0||0||0345950|0|
0||0||0357413|0|
0||0||0331632|1|https://www.netflix.com/title/60033341
0||0||0362227|0|
0||0||0375063|0|
0||0||0317648|0|
0||0||0378194|0|
0||0||0368008|0|
0||0||0337579|1|https://www.netflix.com/title/60033304
0||0||0349825|0|
0||0||0390022|0|
0||0||0167190|1|https://www.netflix.com/title/60034549
0||0||0327162|0|
0||0||0363547|0|
0||0||0289879|0|
0||0||0358135|0|
0||0||0296572|0|
0||0||0337563|1|https://www.netflix.com/title/60034573
1||0||0387564|0|
0||0||0359013|0|
1||0||0308644|0|
0||0||0299172|0|
0||0||0363988|0|
0||0||0385267|0|
0||0||0374900|0|
0||0||0371246|0|
0||0||0317198|0|
0||0||0327554|1|https://www.netflix.com/title/60036241
0||0||0335245|0|
0||0||0346156|0|
0||0||0338013|0|
0||0||0376541|0|
0||0||0330793|0|
0||0||0372588|0|
0||0||0366174|0|
0||0||0337921|0|
0||0||0333766|0|
0||0||0300051|0|
0||0||0327437|0|
1||0||0395169|0|
0||0||0327679|0|
0||0||0121766|0|
0||0||0363771|0|
0||0||0330373|0|
0||0||0407304|0|
0||0||0396269|0|
0||0||0372784|0|
0||0||0351283|0|
0||0||0356910|0|
0||0||0386588|0|
0||0||0398165|1|https://www.netflix.com/title/70021637
0||0||0358082|0|
0||0||0358273|0|
0||0||0395699|1|https://www.netflix.com/title/70020957
0||0||0369441|0|
0||0||0405422|0|
0||0||0408790|0|
0||0||0388795|0|
0||0||0428803|0|
0||0||0360486|0|
0||1||0373926|0|
0||0||0372237|0|
0||0||0318649|1|https://www.netflix.com/title/70000199
0||0||0393162|0|
0||0||0400497|0|
0||0||0405325|1|https://www.netflix.com/title/70028895
0||0||0374536|1|https://www.netflix.com/title/70021646
0||0||0418763|0|
0||0||0352248|1|https://www.netflix.com/title/70021639
0||0||0356680|0|
0||0||0421239|0|
0||0||0397535|0|
0||0||0312004|0|
0||0||0121164|0|
0||0||0384642|0|
0||0||0443536|1|https://www.netflix.com/title/70043239
0||0||0365737|0|
0||0||0376105|0|
0||0||0425123|0|
0||0||0408306|0|
0||0||0357507|0|
0||0||0417001|1|https://www.netflix.com/title/70028898
0||0||0332047|0|
0||0||0414387|0|
0||0||0355295|0|
0||0||0398017|0|
0||0||0267891|0|
0||0||0340163|0|
0||0||0401623|0|
0||0||0387131|0|
0||0||0388125|0|
0||0||0418647|0|
0||0||0317132|0|
0||0||0433400|0|
0||0||0382992|0|
0||0||0433383|0|
0||0||0399146|0|
0||0||0430308|0|
0||0||0406375|0|
0||0||0294870|0|
0||0||0379725|0|
0||0||0419706|0|
0||0||0368709|0|
0||0||0402022|0|
0||0||0379786|0|
0||0||0383574|0|
0||0||0477347|0|
0||0||0317219|0|
0||0||0376994|0|
0||0||0382625|0|
0||0||0348150|0|
0||0||0366548|0|
0||0||0438097|0|
0||0||0381061|0|
0||0||0454921|0|
0||0||0327084|0|
0||0||0415306|0|
0||0||0389860|0|
0||0||0317919|1|https://www.netflix.com/title/70041961
0||0||0407887|0|
0||0||0443453|0|
0||0||0458352|0|
0||0||0443489|0|
0||0||0362120|0|
0||0||0427229|0|
0||0||0454848|0|
0||0||0400717|0|
0||0||0413895|0|
0||0||0397313|0|
0||0||0457510|0|
0||0||0385880|0|
0||0||0493430|1|https://www.netflix.com/title/70044900
0||0||0414853|0|
0||0||0449089|0|
0||0||0469641|0|
0||0||0479143|0|
0||0||0424095|0|
0||0||0453467|0|
0||0||0430357|0|
0||0||0455612|0|
0||0||0457939|0|
0||0||0463985|1|https://www.netflix.com/title/70044885
0||0||0401855|0|
0||0||0409182|0|
0||0||0343737|0|
0||0||0449059|0|
0||0||0381971|0|
0||0||0450259|0|
0||0||0436697|0|
0||0||0406816|0|
0||0||0466909|0|
0||0||0414982|0|
0||0||0482571|0|
0||0||0472043|0|
0||0||0408345|0|
0||0||0758794|0|
0||0||0454841|0|
0||0||0420223|0|
0||0||0421206|0|
0||0||0408985|0|
0||0||0457430|0|
0||0||0450232|0|
0||0||0384793|0|
0||0||0443632|0|
0||0||0206634|0|
0||0||0446046|0|
0||0||0449467|0|
0||0||0417148|0|
0||0||0418689|0|
0||0||0475276|0|
0||0||0429589|0|
0||0||0479884|0|
0||0||0413300|0|
0||0||0413267|0|
0||0||0449088|0|
0||0||0373889|0|
1|https://www.amazon.com/I-Am-Legend-Will-Smith/dp/B0017XD3OY|0||0480249|0|
0||0||0440963|0|
0||0||0465234|0|
0||0||0952640|0|
0||0||0382932|0|
1|https://www.amazon.com/Live-Free-Hard-Bruce-Willis/dp/B0040HERTY|0||0337978|0|
0||0||0486576|0|
0||0||0765429|0|
0||0||0461770|0|
0||0||0389790|0|
0||0||0829482|0|
0||0||0427327|0|
0||0||0496806|0|
0||0||0396555|0|
0||0||0477051|0|
0||0||0825232|0|
0||0||0442933|0|
0||0||0398808|0|
0||0||0486822|0|
0||0||0477348|1|https://www.netflix.com/title/70071613
0||0||0450385|0|
0||0||0385752|0|
0||0||0472062|0|
0||0||0775539|0|
0||0||0423294|0|
0||0||0373883|0|
0||0||0453556|0|
0||0||0381849|0|
0||0||0408236|0|
0||0||0783233|0|
0||0||0432021|0|
0||0||0758766|0|
0||0||0937375|0|
0||0||0465538|0|
0||0||0477071|0|
0||0||0480242|0|
0||0||0431197|0|
0||0||0467110|0|
0||0||0469494|1|https://www.netflix.com/title/70075473
1|https://www.amazon.com/30-Days-Night-Josh-Hartnett/dp/B0011FQQFG|0||0389722|0|
0||0||0486655|0|
0||0||0476964|0|
0||0||0463998|0|
0||0||0453451|0|
0||0||0401997|0|
0||0||0443706|0|
0||0||0457419|0|
0||0||0463854|0|
0||0||0498399|0|
0||0||0780571|0|
0||0||0367959|0|
0||0||0479500|0|
0||0||0462322|0|
0||0||0386032|0|
0||0||0445922|0|
0||0||1027743|0|
0||0||0371746|0|
0||0||0367882|0|
0||0||0448157|0|
0||0||0910970|0|
1|https://www.amazon.com/Kung-Fu-Panda-Jack-Black/dp/B0051XQI84|0||0441773|0|
0||0||0479952|0|
0||0||0830515|0|
0||0||0451079|0|
0||0||1000774|0|
0||0||1205489|0|
0||0||0795421|0|
0||0||0822832|0|
0||0||0499448|0|
0||0||1010048|0|
0||0||0800080|0|
0||0||0493464|0|
0||0||0425061|0|
0||0||0421715|0|
0||0||0397892|0|
0||0||0942385|0|
0||0||0838283|0|
0||0||0960144|0|
0||0||1068680|0|
0||0||1014775|0|
0||0||0962726|0|
0||0||0985699|0|
0||0||0478087|0|
0||0||1033643|0|
0||0||0489099|0|
0||1|http://www.hulu.com/watch/966489|1060277|0|
0||0||0988595|0|
0||0||0411477|0|
0||0||0443274|0|
0||0||0416236|0|
0||0||0430922|0|
0||0||1127884|0|
0||0||0800039|0|
0||0||0871426|0|
0||0||0887883|0|
0||0||0865556|0|
0||0||0420238|0|
0||0||0455824|0|
0||0||0410377|0|
0||0||0811080|0|
0||0||0462499|0|
0||0||1047494|0|
0||0||0956038|0|
0||0||0758774|0|
0||0||0947802|0|
0||0||0481536|0|
0||0||1142798|0|
0||0||0452608|0|
0||0||0824747|0|
0||0||0976051|0|
0||0||0839980|0|
0||0||1129423|0|
0||0||0918927|0|
0||0||0832266|0|
0||0||1013753|0|
0||0||1129442|0|
0||0||1082868|0|
0||0||0981227|0|
0||0||1007028|0|
0||0||0379865|0|
0||0||0790686|0|
0||0||0482603|0|
0||0||0200465|0|
0||0||0880578|0|
0||0||1034303|0|
0||0||0499549|0|
0||0||0417741|0|
0||0||1259571|0|
0||0||1049413|0|
0||0||1119646|0|
0||0||0796366|0|
0||0||0878804|0|
0||0||1231580|0|
0||0||0988045|0|
0||0||0892782|0|
0||0||1080016|0|
0||0||0458525|0|
0||0||1078912|0|
0||0||1190080|0|
0||0||1041829|0|
0||0||1114740|0|
0||0||1067106|0|
0||0||0844471|0|
0||0||0361748|0|
0||0||1136608|0|
0||0||1230414|0|
0||0||0409459|0|
0||0||0780521|0|
0||0||1152836|0|
0||0||1135503|0|
0||0||1001508|0|
0||0||1142800|0|
0||0||1193138|0|
0||0||0448011|0|
0||0||1114677|0|
0||0||0386117|0|
1|https://www.amazon.com/Coraline-Dakota-Fanning/dp/B002LAM7PI|0||0327597|0|
0||0||1197624|0|
0||0||0785006|0|
0||0||1477715|0|
0||0||1155056|0|
0||0||1075417|0|
0||0||1144884|0|
0||0||1111422|0|
0||0||0758746|0|
0||0||0974661|0|
0||0||0452694|0|
0||0||0821640|0|
0||0||1201167|0|
0||0||1385912|0|
0||0||1179891|0|
0||0||0929632|0|
0||0||0834001|0|
0||0||1093908|0|
0||0||0380510|0|
0||0||1127180|0|
0||0||1148204|0|
0||0||1263670|0|
0||0||0986263|0|
0||0||1186367|0|
0||0||0472198|0|
0||0||1020876|0|
0||0||1130080|0|
0||0||0844708|0|
0||0||1234548|0|
0||0||1022603|0|
0||0||0465580|0|
0||0||0821642|0|
0||0||1233227|0|
0||0||0435761|0|
0||0||1228705|0|
0||0||1325004|0|
0||0||0892791|0|
0||0||0892769|0|
0||0||0398286|0|
0||0||1104001|0|
0||0||1403865|0|
0||0||1001526|0|
0||0||1504320|0|
0||0||1130884|0|
0||0||0944835|0|
0||0||1116184|0|
0||0||0947798|0|
0||0||0980970|0|
0||0||1279935|0|
0||0||1285016|0|
0||0||0964517|0|
0||0||0814255|0|
0||0||0477080|0|
0||0||1196141|0|
0||0||0963966|0|
0||0||1226229|0|
0||0||1391137|0|
0||0||1028576|0|
0||0||1135084|0|
0||0||1219342|0|
0||0||1433813|0|
0||0||1231587|0|
0||0||1126591|0|
0||0||0455407|0|
0||0||1392197|0|
0||0||1212419|0|
0||0||0815236|0|
0||0||0446029|0|
0||0||1415283|0|
0||0||0889573|0|
0||0||0985694|0|
0||0||1201607|0|
0||0||1399103|0|
0||0||1229238|0|
0||0||1318514|0|
0||0||0458339|0|
0||0||1454029|0|
0||0||1478338|0|
0||0||1302011|0|
0||0||0448694|0|
0||0||1270798|0|
0||0||0472181|0|
0||0||1650062|0|
0||0||1192628|0|
0||0||1499658|0|
0||0||1778304|0|
0||0||1568346|0|
0||0||0377981|0|
0||0||1204342|0|
0||0||1253864|0|
0||0||1033575|0|
0||0||1222817|0|
0||0||1568911|0|
0||0||1219289|0|
0||0||0471042|0|
0||0||0983193|0|
0||0||1598778|0|
0||0||1389137|0|
0||0||1702443|0|
0||0||1564349|1|https://www.netflix.com/title/70202147
0||0||1411238|0|
0||0||1396218|0|
0||0||1067583|0|
0||1||1605783|0|
0||0||1632708|0|
0||0||0945513|0|
0||0||1787759|0|
0||0||1650043|0|
0||0||1068242|0|
0||0||1430607|0|
0||0||1655442|0|
0||0||1622979|0|
0||0||1124035|0|
0||0||1640484|0|
0||0||1622547|0|
0||0||1657507|0|
0||0||1268799|0|
0||0||1306980|0|
0||0||0848228|0|
0||0||1345836|0|
0||0||1392170|0|
0||0||1074638|0|
0||0||0948470|0|
0||0||1277953|0|
0||0||1482459|0|
0||0||0443272|0|
0||0||1853728|0|
0||0||1735898|0|
0||0||1707386|0|
0||0||1232829|0|
0||0||1024648|0|
0||0||1045658|0|
0||0||1446714|0|
0||0||1599348|0|
0||0||1915581|0|
0||0||1194173|0|
0||0||1397514|0|
0||0||1446192|0|
0||0||1790885|0|
0||0||1764651|0|
0||0||0790724|0|
0||0||1758830|0|
0||0||1524137|0|
0||0||1276104|0|
0||0||1440129|0|
0||0||1981677|0|
0||0||1667353|0|
0||0||1706593|0|
0||0||1645170|0|
0||0||1596365|0|
0||0||2023453|0|
0||0||1922777|0|
0||0||1748122|0|
0||0||0383010|0|
0||0||1259521|0|
0||0||1855199|0|
0||0||1212450|0|
0||0||1142977|0|
0||0||1430626|0|
0||0||1195478|0|
0||1|http://www.hulu.com/watch/850271|1951264|0|
0||0||1300854|0|
0||0||1690953|0|
0||0||1454468|0|
0||0||1453405|0|
0||0||1170358|0|
0||0||1623205|0|
0||0||1408101|0|
0||0||1981115|0|
0||0||0816711|0|
0||0||0481499|0|
0||0||2404463|0|
0||0||1800241|0|
1|https://www.amazon.com/Conjuring-Vera-Farmiga/dp/B00G32TD98|0||1457767|0|
0||0||1430132|0|
0||0||1229340|0|
0||0||1091191|0|
0||0||1985966|0|
0||0||0993846|0|
0||0||1327773|0|
0||0||1535109|0|
0||0||1663662|0|
0||0||2302755|0|
0||0||1535108|0|
0||0||1691917|0|
0||0||1483013|0|
0||0||2226417|0|
0||0||1860353|0|
0||0||2334879|0|
0||0||2023587|0|
0||0||1854564|0|
0||0||1588173|0|
0||0||2184339|0|
0||0||1980209|0|
0||0||2234155|0|
0||0||0882977|0|
0||0||1411250|0|
0||0||1335975|0|
0||0||1322269|0|
0||0||2431286|1|https://www.netflix.com/title/70293789
0||0||2334873|0|
0||0||2609912|0|
0||0||2053463|0|
0||0||1661382|0|
0||0||2515086|0|
0||0||0790636|0|
0||0||1213663|0|
0||0||2179136|0|
0||0||1951265|0|
0||0||2015381|0|
0||0||1843866|0|
0||0||2310332|0|
0||0||1587310|0|
0||0||1877832|0|
0||0||2245084|0|
0||0||2103281|0|
0||0||0831387|0|
0||1|http://www.hulu.com/watch/850384|1291150|0|
0||0||1646971|0|
0||0||2267998|0|
0||0||1840309|0|
0||0||2004420|0|
0||0||2582846|0|
0||0||1809398|0|
0||0||2692250|0|
0||0||0864835|0|
0||0||1253863|0|
0||0||1631867|0|
0||0||2024469|0|
1||0||2084970|1|https://www.netflix.com/title/70295172
0||0||3322940|0|
0||0||1911658|1|https://www.netflix.com/title/80013941
0||1||1267297|0|
0||0||2975578|0|
0||0||2278388|0|
1||0||1234721|0|
0||0||2170439|0|
1||1||1020072|0|
0||0||2281587|0|
0||0||1204977|0|
0||0||0787474|0|
0||0||2262227|0|
0||0||1086772|0|
0||0||0435651|1|https://www.netflix.com/title/70307663
0||0||2911666|0|
0||0||2562232|0|
0||0||2978462|0|
0||0||1647668|0|
0||0||2980516|0|
1||1||2039393|0|
0||1||2473682|0|
0||0||2872718|1|https://www.netflix.com/title/70295182
0||0||2883512|1|https://www.netflix.com/title/70297087
0||0||2473602|0|
0||0||2223990|0|
0||0||0365907|0|
0||0||1065073|1|https://www.netflix.com/title/70301281
0||0||0369610|0|
0||0||2395427|0|
1||0||2820852|0|
0||0||2293640|1|https://www.netflix.com/title/80033394
1|https://www.amazon.com/Martian-Michael-Peña/dp/B018HJ03UC|0||3659388|0|
1|https://www.amazon.com/Cinderella-Theatrical-Cate-Blanchett/dp/B015DYLAHO|0||1661199|0|
0||0||2379713|0|
1||1||2381249|0|
1|https://www.amazon.com/Pitch-Perfect-2-Anna-Kendrick/dp/B015O6OZUA|0||2848292|0|
0||0||0478970|0|
0||0||2510894|1|https://www.netflix.com/title/80048061
1|https://www.amazon.com/Straight-Outta-Compton-OShea-Jackson/dp/B018JQTUQG|0||1398426|0|
0||0||1392190|0|
0||0||2452042|0|
1|https://www.amazon.com/Annie-Hall-Woody-Allen/dp/B002XZNHG4|0||1979388|0|
1|https://www.amazon.com/Trainwreck-Amy-Schumer/dp/B011U0JWMK|0||3152624|0|
1||0||1964418|0|
1||0||1340138|0|
0||0||4046784|0|
0||0||1051904|1|https://www.netflix.com/title/80049939
1||0||2120120|0|
1||0||2361509|0|
0||0||3682448|0|
0||0||2268016|0|
1|https://www.amazon.com/Hateful-Eight-Samuel-L-Jackson/dp/B01A1FDTKG|0||3460252|0|
1||0||3195644|0|
0||0||3397884|0|
0||0||1895587|1|https://www.netflix.com/title/80061341
0||0||2097298|0|
1||1|http://www.hulu.com/watch/930090|1655441|0|
1||0||2381111|0|
0||0||2555736|0|
1||0||1674771|0|
1||0||3622592|0|
0||0||1823672|0|
1||0||2554274|0|
0||0||3623726|0|
0||0||0470752|0|
0||0||1243974|0|
0||0||2277860|0|
0||0||3498820|0|
0||0||2709768|0|
0||0||1431045|0|
0||0||2948356|1|https://www.netflix.com/title/80079258
1|https://www.amazon.com/Dr-Strange-Jay-Oliva/dp/B0010ZEX1Q|0||1211837|0|
0||0||3521164|0|
0||0||2660888|0|
0||0||3385516|0|
0||0||1679335|0|
0||0||2267968|1|https://www.netflix.com/title/80071348
0||0||1489889|0|
0||0||3065204|0|
0||0||1700841|0|
0||0||1935859|0|
0||0||2788732|0|
0||0||4624424|0|
0||0||1860357|0|
0||0||3691740|0|
0||0||4438848|0|
0||0||4302938|0|
0||0||0803096|0|
0||0||2823054|0|
0||0||3231054|0|
0||0||3799694|0|
0||0||3062096|0|
0||0||0475290|0|
0||0||2025690|1|https://www.netflix.com/title/80058068
0||0||1473832|0|
0||0||3553442|0|
0||0||3522806|0|
0||0||1124037|0|
